0.000000000000000000e+00
9.247326850891113281e-02
8.720774650573730469e-01
2.171792507171630859e+00
3.926551818847656250e+00
6.078246355056762695e+00
8.637073993682861328e+00
1.172527980804443359e+01
1.515333294868469238e+01
1.894584107398986816e+01
2.337836456298828125e+01
2.817244982719421387e+01
3.336429476737976074e+01
3.898898220062255859e+01
4.505364608764648438e+01
5.168156480789184570e+01
5.864596366882324219e+01
6.606351232528686523e+01
7.398979830741882324e+01
8.229858040809631348e+01
9.122413992881774902e+01
1.002927441596984863e+02
1.099154903888702393e+02
1.201562137603759766e+02
1.306315195560455322e+02
1.414767730236053467e+02
1.529938352108001709e+02
1.651017756462097168e+02
1.781141462326049805e+02
1.914624187946319580e+02
2.051955261230468750e+02
2.203782091140747070e+02
2.346302659511566162e+02
2.493942244052886963e+02
2.643616957664489746e+02
2.800098500251770020e+02
2.958927531242370605e+02
3.121973791122436523e+02
3.290194427967071533e+02
3.463485593795776367e+02
3.640434312820434570e+02
3.825402600765228271e+02
4.013988320827484131e+02
4.210130872726440430e+02
4.411577458381652832e+02
4.615098917484283447e+02
4.826066796779632568e+02
5.036636135578155518e+02
5.254626004695892334e+02
5.481530804634094238e+02
5.715786471366882324e+02
5.952705152034759521e+02
6.193571774959564209e+02
6.435655174255371094e+02
6.684644942283630371e+02
6.939600811004638672e+02
7.204502062797546387e+02
7.474909460544586182e+02
7.750209929943084717e+02
8.026043641567230225e+02
8.308030009269714355e+02
8.593564209938049316e+02
8.885078830718994141e+02
9.185415167808532715e+02
9.493885335922241211e+02
9.808550748825073242e+02
1.013236494302749634e+03
1.045971552848815918e+03
1.080254055023193359e+03
1.115027503967285156e+03
1.150609649419784546e+03
1.186433166027069092e+03
1.222484717845916748e+03
1.258481776475906372e+03
1.293434610843658447e+03
1.329811645507812500e+03
1.366784649848937988e+03
1.403978777170181274e+03
1.441491889238357544e+03
1.479638178825378418e+03
1.518822330236434937e+03
1.558425388574600220e+03
1.598918816328048706e+03
1.640053717613220215e+03
1.682020035982131958e+03
1.724307472467422485e+03
1.767480067968368530e+03
1.810543524026870728e+03
1.853561280965805054e+03
1.897234652519226074e+03
1.942579948663711548e+03
1.987865991592407227e+03
2.033269970178604126e+03
2.080024649381637573e+03
2.127042518377304077e+03
2.174836492300033569e+03
2.222751852273941040e+03
2.271517456531524658e+03
2.320905858993530273e+03
2.371312733411788940e+03
2.421876755475997925e+03
