0.000000000000000000e+00
5.598747491836547852e+00
1.273981142044067383e+01
1.999560141563415527e+01
2.783533382415771484e+01
3.609363913536071777e+01
4.460803413391113281e+01
5.377128791809082031e+01
6.296025204658508301e+01
7.236302971839904785e+01
8.236596965789794922e+01
9.256371474266052246e+01
1.034065439701080322e+02
1.146066048145294189e+02
1.258889803886413574e+02
1.377409670352935791e+02
1.499507467746734619e+02
1.627288498878479004e+02
1.761392977237701416e+02
1.899329268932342529e+02
2.041060767173767090e+02
2.183664309978485107e+02
2.334637811183929443e+02
2.488045234680175781e+02
2.648089632987976074e+02
2.817937314510345459e+02
2.991905665397644043e+02
3.167007203102111816e+02
3.344952301979064941e+02
3.527437615394592285e+02
3.715295140743255615e+02
3.906423838138580322e+02
4.101826839447021484e+02
4.305254657268524170e+02
4.513987996578216553e+02
4.723471713066101074e+02
4.941323428153991699e+02
5.162811667919158936e+02
5.391033849716186523e+02
5.624940528869628906e+02
5.861264085769653320e+02
6.108521745204925537e+02
6.357654638290405273e+02
6.605519549846649170e+02
6.861590852737426758e+02
7.117532896995544434e+02
7.383664293289184570e+02
7.655260295867919922e+02
7.931405415534973145e+02
8.215135617256164551e+02
8.506408712863922119e+02
8.797358663082122803e+02
9.101225504875183105e+02
9.404190876483917236e+02
9.715363945960998535e+02
1.002972638368606567e+03
1.034146373987197876e+03
1.066650953054428101e+03
1.099659256458282471e+03
1.132892711877822876e+03
1.166153293609619141e+03
1.199238475561141968e+03
1.233627630949020386e+03
1.268236744642257690e+03
1.303339445590972900e+03
1.338676434993743896e+03
1.376576449871063232e+03
1.412717957973480225e+03
1.449806700706481934e+03
1.486995005130767822e+03
1.524906880855560303e+03
1.563401131153106689e+03
1.602389732360839844e+03
1.642097728013992310e+03
1.681945919036865234e+03
1.721929033517837524e+03
1.762831783533096313e+03
1.804038776636123657e+03
1.846151449441909790e+03
1.888454028844833374e+03
1.931262332916259766e+03
1.974447179794311523e+03
2.018127932310104370e+03
2.061987935543060303e+03
2.106556751966476440e+03
2.152139447450637817e+03
2.198134530782699585e+03
2.244018410921096802e+03
2.291086749315261841e+03
2.338058155059814453e+03
2.385657526016235352e+03
2.433483090639114380e+03
2.481878930330276489e+03
2.531473396539688110e+03
2.581159779071807861e+03
2.631526190519332886e+03
2.681934780836105347e+03
2.732770171165466309e+03
2.783982407808303833e+03
2.835971339941024780e+03
2.888406011581420898e+03
