0.000000000000000000e+00
3.370863080024719238e+01
6.769382548332214355e+01
1.037801783084869385e+02
1.428850584030151367e+02
1.885872635841369629e+02
2.334483394622802734e+02
2.805815360546112061e+02
4.368910357952117920e+02
5.734792163372039795e+02
7.096239919662475586e+02
8.374776673316955566e+02
1.002342830181121826e+03
1.131946919679641724e+03
1.466917157649993896e+03
1.757744189739227295e+03
2.014132492780685425e+03
2.392861477136611938e+03
2.707566480398178101e+03
3.050165305852890015e+03
3.358178878068923950e+03
3.654854515552520752e+03
3.961758109331130981e+03
4.266304602622985840e+03
4.603299850702285767e+03
5.005926226854324341e+03
5.547665170431137085e+03
5.887386086463928223e+03
6.264253571510314941e+03
6.529209504604339600e+03
6.841211744070053101e+03
7.334679608583450317e+03
7.666879283666610718e+03
8.139624120712280273e+03
8.454145845651626587e+03
8.777551654577255249e+03
9.168931404829025269e+03
9.577995584487915039e+03
9.992937144994735718e+03
1.037659614419937134e+04
1.071884607529640198e+04
1.108709589099884033e+04
